Gravity centers: 
1.2419      0.96983     1.2463      1.5281      0.97631     0.95697     1.0516      0.88138     1.0507      0.85881     
6.2846      1.7078      3.0178      4.1741      0.631       0.45656     2.4588      0.19301     3.9395      0.16301     
10.416      1.1036      1.2915      5.9396      0.063822    0           3.5935      0           5.0464      0           

Gravity centers after standardistarion: 
-1.043      -0.27093    -0.31343    -0.95645    1.0193      1.1081      -0.82242    1.1663      -0.76699    1.1491      
0.11243     0.48856     0.71492     0.1661      0.15338     -0.078618   0.092976    -0.44664    0.24574     -0.47456    
1.0589      -0.13324    -0.28723    0.91508     -1.2689     -1.1614     0.83115     -0.89889    0.63378     -0.85494    

Weights: 
-2.0859     -0.54185    -0.62686    -1.9129     2.0386      2.2163      -1.6448     2.3326      -1.534      2.2982      
0.22486     0.97712     1.4298      0.33219     0.30676     -0.15724    0.18595     -0.89329    0.49149     -0.94912    
2.1178      -0.26649    -0.57446    1.8302      -2.5378     -2.3228     1.6623      -1.7978     1.2676      -1.7099     

Standard weights: 
-0.47793    -0.55763    -0.3639     -0.81152    5.1122      5.2562      -1.07       5.4657      -0.53778    5.3628      
0.051521    1.0056      0.83005     0.14093     0.76927     -0.3729     0.12097     -2.0931     0.1723      -2.2148     
0.48523     -0.27425    -0.33349    0.77642     -6.3641     -5.5087     1.0814      -4.2125     0.44437     -3.99       
19          1           0           
2           72          6           
0           2           48          
0.95        0.05        0           
0.025       0.9         0.075       
0           0.04        0.96        
0.90476     0.095238    0           
0.013333    0.96        0.026667    
0           0.11111     0.88889     
