3 10 55
1 1.4142 2.6253 3.3767 1.2133 -0.96002 -1.1614 0.20703 -0.89889 0.11017 -0.7602 
0 1.1672 2.0255 3.0628 0.77897 0.041044 -0.73427 -0.56936 -0.89889 -0.5954 -0.85494 
1 0.20662 -0.61613 0.72441 0.21626 -0.34915 -1.0955 0.55349 -0.89889 0.67596 -0.85494 
2 1.4635 2.5646 2.6683 0.95227 -1.02 -1.1614 -0.053244 -0.89889 -0.15076 -0.85494 
0 -0.18155 1.2096 -0.28095 -0.41831 0.6459 -0.28627 -0.56559 -0.89889 -0.41958 -0.85494 
2 0.095888 -0.48008 0.39322 0.11385 -1.121 -1.1614 0.63904 -0.89889 1.0173 -0.85494 
1 -0.026944 -0.038072 -0.0085063 0.32983 -1.0706 -1.1614 1.4673 -0.89889 1.9864 -0.85494 
2 1.2567 0.68746 1.0254 0.60393 -0.77596 -1.1614 0.69576 -0.89889 0.26695 -0.85494 
1 0.48404 -0.042806 0.17709 0.89466 -0.63277 -1.1237 1.1782 -0.89889 1.0849 -0.85494 
2 1.2701 3.4425 3.5173 1.1649 -1.429 -1.1614 0.58738 -0.89889 0.28886 -0.85494 
2 0.61725 0.10045 0.63965 0.78741 -1.2953 -1.1614 0.60983 -0.89889 0.60816 -0.85494 
1 -0.17972 3.1546 2.067 -0.81671 0.45707 0.369 -0.65302 -0.11791 -0.57503 -0.29653 
2 0.29479 0.35618 1.0952 2.2561 -1.429 -1.1614 4.4204 -0.89889 3.6818 -0.85494 
0 -0.54024 1.8534 0.4468 -0.13318 0.81667 0.84545 -0.88161 0.70945 -0.83249 0.46139 
2 0.29087 0.29248 -0.040203 0.5879 -1.429 -1.1614 1.0828 -0.89889 1.2018 -0.85494 
1 0.36943 2.6088 1.6523 0.38078 -0.41134 -1.127 0.87875 -0.89889 0.76995 -0.82111 
1 -0.083766 0.57034 1.992 0.78139 -0.84392 -1.1614 2.3749 -0.89889 3.8194 -0.85494 
1 -0.48738 1.5275 0.74229 -0.26079 0.68527 0.65217 -0.51583 0.0046323 -0.34712 -0.13809 
2 0.19173 0.12268 -0.62711 0.69654 -1.429 -1.1614 1.981 -0.89889 2.1562 -0.85494 
1 0.54418 1.0296 1.1752 -0.7056 0.098219 -0.64462 -0.29719 -0.89889 -0.25218 -0.85494 
1 -0.40873 -0.5515 -0.68064 -0.57604 0.71385 0.60663 -0.48538 -0.21726 -0.26849 -0.3033 
1 0.20316 0.50108 2.3518 1.0142 -0.45372 -0.94178 1.2521 0.14241 1.5978 0.70081 
2 0.16966 -0.59863 -0.56656 0.71699 -1.429 -1.1614 1.3558 -0.89889 1.4823 -0.85494 
2 -0.19574 -0.4277 -0.33662 -0.60918 -0.70449 -1.1614 -0.53072 -0.89889 -0.38358 -0.85494 
0 -0.89481 -0.48008 -0.39728 -0.88773 0.91974 0.88363 -0.83627 -0.36957 -0.77415 -0.43071 
1 0.3259 2.2147 2.1485 0.97259 0.3357 0.3173 -0.097023 -0.01669 -0.11174 -0.14906 
1 0.55271 2.2001 2.3336 -0.2224 -0.17512 -0.3873 -0.14223 -0.58983 -0.237 -0.693 
1 0.14098 1.1567 1.1747 0.70422 -0.023153 -0.19117 0.89846 -0.6149 0.90436 -0.67806 
1 -0.12095 0.90995 0.35885 0.031508 0.28253 0.13729 -0.24163 -0.56405 -0.033531 -0.57726 
2 1.5646 0.96522 -0.39647 2.4635 -1.429 -1.1614 1.4599 -0.89889 1.0195 -0.85494 
2 1.5391 -0.76823 -0.82049 1.4064 -0.90937 -1.1614 0.6443 -0.89889 0.23851 -0.85494 
0 -1.1678 -0.98857 -0.91848 -0.72991 1.0073 1.0074 -0.88168 1.2849 -0.79785 1.2177 
0 0.37005 4.1619 2.9636 0.30026 0.32241 -0.79759 -0.44642 -0.89889 -0.18193 -0.85494 
1 0.53472 6.3422 1.0649 0.1525 0.04305 -0.18192 -0.74995 -0.30466 -0.75301 -0.44075 
1 1.2199 0.44191 0.96219 0.25508 -0.89708 -1.1614 0.040951 -0.89889 0.04917 -0.85494 
1 0.37354 0.055372 0.061969 0.0041873 -0.77872 -1.1028 0.30051 -0.87007 0.50499 -0.85494 
0 0.12696 1.5034 1.3713 1.1213 0.84751 0.76458 -0.45227 0.65486 -0.71017 0.18767 
2 1.0922 1.2123 3.2451 1.416 -1.1305 -1.1614 0.81676 -0.89889 0.53822 -0.85494 
2 0.1964 0.5618 -0.079446 -0.26389 -0.98911 -1.1614 0.47927 -0.89889 1.1649 -0.85494 
0 -0.71515 0.79737 0.58177 -0.30954 0.98594 1.0228 -0.8351 -0.52281 -0.77265 -0.56675 
2 0.9275 2.209 1.0805 1.477 -1.429 -1.1614 1.2747 -0.89889 1.0748 -0.85494 
2 -0.082139 0.9186 1.0032 -0.7213 -0.99438 -1.1614 -0.30089 -0.89889 -0.29397 -0.85494 
2 0.74398 1.0308 1.7997 -0.0194 -1.0355 -1.1614 0.017728 -0.89889 0.20851 -0.85494 
2 0.42399 0.24957 -0.16827 -0.17938 -0.95526 -1.1614 -0.11875 -0.89889 -0.41082 -0.85494 
1 0.49479 0.49234 2.1456 0.17214 -0.01262 -0.56849 0.14991 -0.89889 0.14684 -0.85494 
2 0.3429 -0.4456 -0.66357 -0.12809 -1.1383 -1.1614 0.32249 -0.89889 0.089135 -0.85494 
1 0.060328 -0.75907 -0.65672 0.56936 -0.20722 -0.15797 0.47842 -0.26811 0.41976 -0.22676 
1 1.1803 2.5264 3.1746 1.5448 -0.92015 -1.1614 1.4915 -0.49141 1.0494 -0.27997 
2 0.80829 3.2814 3.2586 2.1572 -1.429 -1.1614 2.1316 -0.89889 1.5524 -0.85494 
0 -0.010974 1.4542 1.8942 1.2041 0.69655 0.34054 -0.81571 -0.89889 -0.79645 -0.85494 
2 0.94059 0.71463 0.60929 -0.38352 -0.72906 -1.1614 -0.094551 -0.89889 -0.059158 -0.85494 
0 0.13158 3.3106 0.96881 0.14822 0.88488 0.67256 -0.68769 -0.28662 -0.75768 -0.35721 
1 0.92056 1.4555 2.3673 2.0122 -1.2835 -1.1614 1.3218 -0.89889 1.0494 -0.85494 
0 0.048987 1.1264 0.65184 0.14028 0.78858 0.47999 -0.76712 -0.89889 -0.70607 -0.85494 
2 1.058 1.5684 2.1233 1.9103 -1.1504 -1.1614 1.1277 -0.89889 0.59589 -0.85494 
