3,10,540
1,0.8473,0.5233,0.5343,0.5837,0.9600,0.9467,1.0267,0.9367,1.0467,0.9367
1,3.1821,2.8451,3.5883,3.0154,0.9530,0.9396,1.0515,0.9396,0.7629,0.9374
1,2.7230,2.0597,0.4469,4.6413,0.9278,0.9066,0.9363,0.7983,0.9130,0.7686
1,0.7480,0.3600,0.6516,1.9966,1.0119,1.0381,1.0929,1.0190,1.4500,1.0262
1,1.9080,1.4746,0.8545,2.0772,0.9581,0.9183,1.1258,0.8985,1.2362,0.9139
1,1.2692,1.2329,0.9582,2.9751,1.0373,1.0629,1.1399,1.0233,1.3613,1.0350
1,6.0077,2.3276,2.9091,4.1133,0.8843,0.6921,1.1366,0.0000,1.2245,0.0000
1,3.7680,1.2610,2.6498,2.2671,0.9306,0.9190,1.1829,0.9792,1.1921,0.9630
1,6.3682,4.4500,3.4551,4.1320,0.9227,0.7733,1.2587,0.2613,1.0773,0.2133
1,2.8349,2.8287,1.7187,3.5254,0.9753,0.9753,1.2123,0.9531,0.6494,0.9506
1,4.2044,3.1084,1.6579,4.6071,0.9320,0.9320,1.3819,0.8900,0.9871,0.8835
1,7.4090,5.2772,6.8913,4.4904,0.6984,0.1534,1.6296,0.0000,2.7196,0.0000
1,3.0623,1.6231,1.8544,3.4486,0.9495,0.9057,1.3199,1.0067,1.6431,1.0269
1,3.4949,3.0626,3.2370,2.7414,0.9406,0.9142,1.2772,1.0363,1.6568,1.0429
1,6.3480,2.6940,4.1485,6.4258,0.9078,0.8121,1.6206,0.6631,1.2128,0.4468
1,1.4987,0.6484,0.4394,3.0232,0.9976,1.0378,1.1395,0.9787,1.2671,0.9929
1,0.6271,0.7874,0.5552,2.1602,1.0047,1.0165,1.0969,0.9811,1.2695,0.9669
1,3.1325,1.7884,1.4166,4.4563,0.9883,0.9883,1.2821,0.9510,1.2238,0.9744
1,1.9361,1.3630,1.1234,2.9767,1.0000,0.9953,1.1911,0.9883,1.2471,0.9650
1,0.9810,0.8487,1.5569,1.2076,0.9857,0.9738,1.0500,1.0310,1.3976,1.0000
1,0.6968,0.2725,0.2041,2.0621,0.9715,0.9145,0.9605,0.9320,0.9627,0.8882
1,0.4868,0.6236,0.6167,1.2119,1.0070,1.0047,1.0164,1.0282,1.0070,1.0211
1,0.7748,0.8542,1.1959,1.2011,0.9883,1.0117,1.0282,1.0329,0.9859,1.0023
1,1.2863,0.8484,1.2663,1.4013,0.9617,0.9482,0.9775,0.9572,0.9730,0.9505
1,1.0603,0.4765,1.3274,1.5254,0.9642,0.9374,0.9888,0.9553,0.9508,0.9485
1,1.0412,0.8617,1.6573,1.5082,0.9911,0.9622,0.9867,0.9444,0.9311,0.9400
1,0.6743,0.8307,0.7817,2.6672,0.9843,1.0828,1.0201,1.0112,0.9463,1.0045
1,0.2832,0.7676,0.8496,0.7658,1.0299,0.9862,1.0161,1.0046,0.9034,0.9862
1,1.2744,0.8962,1.0715,0.9637,0.9977,0.9931,1.0713,1.0322,1.0138,1.0230
1,1.4363,0.4547,0.8411,2.4018,0.9866,1.0268,1.0447,1.0067,0.9888,0.9888
1,1.2414,0.4481,0.6045,2.5607,0.9888,1.0403,1.0380,0.9866,0.9888,0.9754
1,1.0934,0.7678,1.2829,1.1797,0.9770,0.9793,0.9954,1.0069,0.9701,1.0000
2,9.8117,2.6474,5.8642,8.5257,0.0580,0.0000,4.3478,0.0000,6.2319,0.0000
2,11.1183,1.6625,3.4437,4.3839,0.2121,0.0000,2.3788,0.0000,3.3788,0.0000
2,11.9664,3.7841,7.6029,6.6425,0.1870,0.0000,2.6341,0.0000,3.5528,0.0406
1,1.3710,1.3447,1.6610,2.7063,0.9883,0.9231,0.9441,0.9347,1.0233,0.8928
2,10.9455,3.6880,7.2547,7.4239,0.2029,0.0000,4.6087,0.1739,6.2319,0.2464
2,11.9562,3.4594,7.6928,3.8085,0.3712,0.0303,2.6288,0.1364,3.2879,0.1667
1,0.6597,1.2710,1.4255,2.8265,0.9797,0.9212,0.9279,0.9077,0.9392,0.8559
1,0.7472,0.7702,0.9811,2.2940,0.9907,0.9375,0.9583,0.9745,0.9074,1.0069
2,11.3787,2.8514,7.3590,2.9949,0.4098,0.1202,1.8907,0.1694,2.3388,0.1639
3,12.1163,5.0855,8.7845,5.9785,0.2222,0.0000,3.1759,0.0000,3.9537,0.0000
3,9.3217,4.4216,7.3995,8.8676,0.0000,0.0000,5.5926,0.0000,7.6667,0.0000
3,11.1714,2.4786,1.4087,6.6149,0.0000,0.0000,3.6282,0.0000,5.5641,0.0000
3,13.7791,0.9481,0.6602,4.3123,0.2804,0.0000,1.9788,0.0000,2.3757,0.0000
3,13.1491,2.1321,1.0034,6.8655,0.0000,0.0000,2.7287,0.0000,3.3023,0.0000
3,13.5433,2.1788,0.7233,7.0003,0.0000,0.0000,2.7907,0.0000,3.3023,0.0000
3,13.1011,0.8841,1.0482,7.6809,0.0000,0.0000,3.5000,0.0000,4.2549,0.0000
3,8.3689,0.8387,1.4177,4.0980,0.0541,0.0000,1.8559,0.0000,2.8018,0.0000
3,8.7877,0.8417,0.3043,3.3527,0.0000,0.0000,2.5000,0.0000,4.0000,0.0000
3,9.2110,0.9732,0.4006,3.5733,0.0000,0.0000,2.6354,0.0000,4.0938,0.0000
3,9.7594,0.9467,0.4285,3.8150,0.0000,0.0000,2.4167,0.0000,3.6667,0.0000
3,10.7331,0.3643,0.4251,4.8025,0.0000,0.0000,2.0388,0.0000,3.1008,0.0000
3,10.5777,0.3729,0.4365,4.6154,0.0000,0.0000,2.2000,0.0000,3.4167,0.0000
3,10.4282,0.3469,0.7179,4.4420,0.0000,0.0000,2.2479,0.0000,3.5470,0.0000
3,10.3575,0.7489,0.7159,4.3349,0.0000,0.0000,2.3070,0.0000,3.6491,0.0000
3,10.5196,0.6759,0.6741,4.3820,0.0000,0.0000,2.2667,0.0000,3.3250,0.0000
3,10.2599,0.6303,0.2390,4.4308,0.0000,0.0000,2.5619,0.0000,3.7619,0.0000
3,10.0075,0.7798,0.2393,4.4666,0.0000,0.0000,2.7396,0.0000,4.0313,0.0000
3,9.5642,0.5134,0.3622,4.1367,0.0000,0.0000,2.1622,0.0000,3.4595,0.0000
1,1.5278,1.5074,1.8181,2.5200,1.0196,1.0224,1.1905,1.0896,1.3557,1.0588
1,1.0189,0.4843,1.6005,1.4033,0.9731,0.9489,0.9892,0.5242,0.9892,0.2312
1,3.8500,3.2133,1.0673,3.4518,0.9036,0.9392,1.0922,0.7505,1.1342,0.7275
1,1.9096,2.3960,1.4002,3.2565,1.0026,1.0308,1.1615,1.0641,0.8359,1.0718
1,2.4380,1.0177,2.4222,1.9662,0.9778,0.9877,1.1556,0.9827,1.0988,0.9877
1,2.9289,1.6271,1.7520,2.3584,0.9320,0.7687,1.1122,0.0476,1.1735,0.0000
1,2.6726,2.0079,2.7884,3.0530,0.9630,0.9210,1.0321,0.1605,1.0346,0.1235
1,1.6623,1.4407,2.0319,3.1240,0.9927,1.0170,1.1484,1.0389,0.7397,1.0341
1,2.8465,0.3904,0.6562,2.6612,0.9650,0.9650,1.1725,0.9324,1.1049,0.9441
3,7.2643,2.1965,3.8835,6.9390,0.0370,0.0000,4.2963,0.0000,6.8333,0.0000
3,10.7304,2.2242,0.5500,3.7357,0.0362,0.0000,2.1739,0.0000,2.6594,0.0000
3,7.0805,1.5792,3.6728,9.1006,0.0000,0.0000,9.1111,0.0000,13.7407,0.0000
3,10.4875,2.2111,3.9123,5.5242,0.2963,0.0000,2.8333,0.0000,3.5556,0.0000
3,10.5610,2.4111,7.3762,7.1203,0.1190,0.0000,3.5714,0.0000,4.7738,0.0000
3,9.9606,1.9674,3.8051,6.5056,0.0323,0.0000,2.9570,0.0000,4.1720,0.0000
3,10.1453,1.8685,2.9119,8.0906,0.0000,0.0000,7.9167,0.0000,10.7778,0.0000
3,10.9283,2.5063,4.3859,6.2666,0.1449,0.0000,4.5507,0.0000,5.3913,0.0000
3,10.4114,2.7571,5.4438,8.2856,0.1111,0.0000,4.0494,0.0000,4.9383,0.0000
3,10.9791,2.7828,3.7687,6.0616,0.1750,0.0000,2.6500,0.0000,3.3250,0.0000
3,11.2789,1.9011,3.5526,5.2062,0.2604,0.0000,3.3854,0.0000,4.0000,0.0000
1,0.4849,1.3767,0.9903,1.2827,0.9644,1.0178,0.9847,1.0025,0.0382,0.9644
1,5.7460,2.6461,5.0491,6.6210,0.8476,0.6333,1.0619,0.0000,0.9667,0.0000
1,0.8999,0.6759,2.9819,1.3147,1.0127,1.0204,1.0916,1.0611,1.2468,1.0585
1,1.6700,1.0031,1.6483,1.6792,0.9926,0.9828,1.1275,0.9412,1.2353,0.9657
1,1.4919,0.9061,1.9862,1.6339,0.9710,0.9662,1.0870,0.9155,1.2174,0.9227
1,0.6941,0.6745,1.4696,0.7988,0.9975,0.9800,1.0576,0.9524,1.2080,0.9323
1,0.5139,0.6175,0.5690,0.3250,0.9850,0.9825,1.0301,0.9223,1.2105,0.9248
1,0.4153,0.5159,0.8553,0.4779,1.0050,0.9875,1.0251,0.9699,1.2080,0.9398
1,10.8880,3.2013,7.0622,5.6188,0.5862,0.1801,1.4406,0.0000,1.5402,0.0000
1,0.2782,0.3536,0.6295,0.8907,1.0050,1.0100,1.0274,0.9652,1.2189,0.9552
1,1.1465,0.6096,1.1812,0.9231,0.9798,0.9621,1.0152,0.9621,1.0455,0.9848
1,1.0692,0.4665,1.0873,0.7245,0.9773,0.9621,1.0126,0.9924,1.1667,0.9545
1,2.1611,0.9138,0.7638,0.9383,0.9303,0.9254,1.0871,0.9925,1.4776,0.9602
1,1.9567,1.2252,0.6395,1.6268,0.9502,0.9502,1.1144,0.9602,1.5000,0.9677
1,0.6404,0.4462,0.8949,1.3785,1.0349,1.0188,1.0296,0.9785,1.4489,0.9839
1,0.6504,0.4176,1.0556,1.8895,1.0500,1.0500,1.0972,1.0222,1.4889,1.0278
1,1.5645,1.0423,1.3041,1.5314,1.0000,0.9839,1.1075,1.0457,1.5188,1.0054
1,1.2982,1.2405,0.9978,1.2921,0.9871,0.9716,1.0646,1.0052,1.5065,1.0129
1,0.5994,0.5296,0.4444,1.4514,0.9615,0.9179,0.9821,0.9436,1.2872,0.9462
1,0.4777,0.8991,1.2172,1.2371,1.0109,1.0109,1.0519,1.0246,0.9891,1.0164
1,1.2635,0.8042,0.7305,2.1685,0.9055,0.9104,0.9552,0.9627,0.9055,1.0025
1,0.5060,0.8405,1.1284,0.6468,1.0217,1.0054,1.0569,1.0000,1.0217,0.9865
1,0.4551,0.4441,0.9497,0.3976,0.9893,0.9920,1.0027,0.9760,0.9707,0.9813
1,0.3417,0.4139,0.3356,1.2319,1.0217,1.0027,1.0488,0.9621,0.9106,1.0081
1,1.3841,0.5879,1.4145,1.9536,0.9835,0.8815,1.0413,0.2176,1.0579,0.1846
1,0.9391,0.9626,1.0646,0.8436,0.9973,1.0027,1.0574,1.0464,0.8880,1.0355
1,1.0637,0.8661,1.4767,0.4213,0.9550,0.9709,1.0476,1.0185,0.8651,1.0079
1,0.6480,0.4960,1.1446,1.2114,0.9790,0.9265,1.0000,0.2231,0.9659,0.1890
1,1.9503,0.8377,1.5350,1.5590,0.9404,0.8808,1.0190,0.2439,0.9946,0.2060
1,1.8885,0.7666,1.1019,1.6901,0.9366,0.8623,1.0303,0.2259,1.0303,0.1818
2,6.0818,1.0868,2.5721,2.1009,0.7564,0.4744,1.7500,0.1154,2.4423,0.1026
1,2.5374,1.1167,1.7643,0.9113,0.9306,0.8778,1.0861,0.2333,1.0056,0.2028
2,6.6935,1.6657,5.2104,3.9513,0.6522,0.5217,2.0072,0.1159,2.6884,0.1014
2,5.9252,1.2784,4.5861,4.6658,0.7619,0.6429,2.1111,0.1349,2.9683,0.0952
2,6.8862,1.2410,4.6985,3.5601,0.6667,0.5394,1.8182,0.1455,2.3152,0.0788
2,6.7362,1.6475,4.5039,3.3143,0.7126,0.5862,1.7414,0.1609,2.2011,0.0747
2,5.3017,1.0583,2.6900,4.1762,0.7886,0.5772,2.1301,0.0000,3.0000,0.0000
2,6.9464,1.6068,3.3941,4.9118,0.6098,0.4553,2.3496,0.0000,3.1463,0.0000
2,6.9823,1.1563,2.2258,3.3472,0.6013,0.4248,1.8170,0.0588,2.4183,0.0261
2,4.9519,2.1758,3.5914,3.7667,0.8939,0.6818,1.9697,0.4394,3.3106,0.3485
2,7.0018,3.1245,5.2671,4.4949,0.7467,0.5533,2.1600,0.4000,3.1733,0.3600
2,8.4885,3.2401,5.6269,3.6420,0.6923,0.5385,1.9333,0.3385,2.4769,0.3026
2,7.2163,3.3851,5.4873,6.0752,0.7037,0.6235,2.1667,0.3765,2.9198,0.3025
2,6.9378,2.6446,4.5236,6.2294,0.7778,0.6389,2.3056,0.4028,3.3194,0.3333
3,12.3038,0.3450,0.3652,6.9325,0.2095,0.0000,3.4381,0.0000,4.2000,0.0000
3,12.5112,0.4866,0.3729,7.0977,0.2072,0.0000,3.3063,0.0000,3.9189,0.0000
3,12.7394,0.6602,0.3708,7.2591,0.1802,0.0000,3.3333,0.0000,3.8739,0.0000
3,12.8108,0.9180,0.4021,7.4560,0.1622,0.0000,3.3243,0.0000,3.8468,0.0000
3,12.6297,1.0384,0.4496,7.7733,0.1429,0.0000,3.4571,0.0000,4.0952,0.0000
3,12.2612,0.8100,0.8257,8.1269,0.1333,0.0000,3.9111,0.0000,4.8333,0.0000
3,11.5080,0.2393,0.3638,8.3750,0.0000,0.0000,4.2179,0.0000,5.8974,0.0000
3,10.7489,0.5514,0.6559,8.3210,0.0000,0.0000,4.6667,0.0000,6.7273,0.0000
3,10.2598,0.5134,0.5077,9.1671,0.0000,0.0000,5.8627,0.0000,8.8627,0.0000
3,10.0179,0.6610,0.2992,9.4847,0.0000,0.0000,7.5128,0.0000,11.6667,0.0000
3,11.6053,1.5933,0.5104,6.4430,0.0909,0.0000,3.1414,0.0000,4.0606,0.0000
3,12.0576,0.9061,0.3137,6.4303,0.1333,0.0000,3.1333,0.0000,3.9048,0.0000
3,12.6743,0.4376,0.3536,6.9321,0.1389,0.0000,3.2963,0.0000,3.8426,0.0000
3,12.8354,0.3685,0.3088,7.0862,0.1481,0.0000,3.3148,0.0000,3.8333,0.0000
3,12.9050,0.4532,0.4861,6.9677,0.1532,0.0000,3.2072,0.0000,3.7297,0.0000
3,12.7791,0.3113,0.1762,7.3823,0.0667,0.0000,3.3810,0.0000,3.8762,0.0000
3,12.6289,0.3784,0.1119,7.7545,0.0313,0.0000,3.6458,0.0000,4.1771,0.0000
3,12.0869,0.6179,0.2390,7.7896,0.0000,0.0000,3.8736,0.0000,4.5517,0.0000
3,11.2832,0.9093,0.9626,6.6060,0.0707,0.0000,3.2828,0.0000,4.0000,0.0000
2,4.8190,2.5108,1.7074,3.8184,0.7481,0.6889,1.8074,0.2889,3.0963,0.0889
2,7.9534,1.7115,5.4822,4.1884,0.5648,0.2500,2.5463,0.0000,3.6574,0.0000
2,7.4676,2.2337,5.4228,4.2036,0.6417,0.4000,2.3167,0.0000,3.2250,0.0000
2,4.5645,1.7267,1.3704,3.5270,0.7524,0.6190,2.1143,0.2571,3.8095,0.2381
2,3.6667,2.7174,3.0649,3.1679,0.8431,0.7647,1.5229,0.3856,2.2484,0.3072
2,5.0087,1.1142,1.1722,3.5356,0.6563,0.5000,2.2708,0.1458,4.3333,0.0833
1,0.3719,0.3631,0.7339,0.3226,1.0051,0.9899,1.0152,0.9520,1.0101,0.9293
2,6.4257,2.8477,4.8894,5.4327,0.6762,0.4286,2.6476,0.1524,4.0762,0.1333
1,0.4479,0.3600,0.9874,0.4410,1.0025,0.9850,1.0276,0.9825,0.9950,0.9624
1,0.7004,0.6100,0.8370,0.5528,0.9901,0.9926,1.0247,0.9630,0.9753,0.9753
1,0.7330,0.5017,1.4286,0.3694,0.9757,0.9757,1.0219,0.9416,0.9684,0.9440
1,0.6054,0.3694,1.4497,0.4577,0.9828,0.9681,1.0196,0.9559,1.0049,0.9314
1,0.7319,0.4955,2.0766,0.3469,1.0125,0.9975,1.0501,0.9900,1.0301,0.9724
2,7.3720,2.8715,5.0127,5.0747,0.6349,0.4048,2.4444,0.1429,3.3968,0.0952
1,0.7619,0.5907,0.9208,0.4176,0.9826,0.9751,1.0224,0.9328,1.0025,0.9353
2,7.8189,2.9567,5.0800,4.4105,0.6667,0.4275,2.3116,0.0870,3.0290,0.0725
1,0.9753,0.7368,0.7349,0.6310,0.9681,0.9608,1.0196,0.9338,0.9877,0.9461
1,0.7700,0.6526,0.5078,0.7018,0.9975,0.9949,1.0483,0.9466,1.0382,0.9796
1,0.8205,0.7493,0.9350,0.9228,0.9930,0.9977,1.0350,1.0513,1.0256,1.0583
1,1.3125,1.2089,1.7625,1.2856,0.9566,0.9680,1.0000,1.0091,0.9772,1.0183
1,0.6882,1.2128,1.2388,1.3414,1.0214,1.0095,1.0167,1.0214,1.0524,1.0071
2,7.6193,2.9734,5.0011,3.9018,0.6667,0.4400,2.1533,0.1267,2.7467,0.0867
2,6.3799,2.6082,4.2572,1.2897,0.6957,0.5314,1.5314,0.2899,1.9855,0.2415
1,0.3484,0.5693,0.9383,0.3610,0.9903,0.9878,0.9805,0.9392,0.9781,0.9416
1,0.5781,0.9211,0.7391,1.3995,0.9684,0.9659,0.9659,0.9951,1.0000,0.9976
1,0.4774,0.3186,0.7515,0.3523,0.9974,0.9922,1.0207,1.0129,0.9690,1.0181
1,0.7328,0.4045,0.2916,1.9955,1.0266,1.0676,1.0990,1.0894,1.2029,1.0556
2,4.8007,1.6730,2.7417,4.1052,0.7778,0.7037,1.8963,0.3852,2.8000,0.3037
1,0.5513,1.1933,1.4849,1.1816,1.0301,1.0351,1.0652,1.1704,1.4461,1.1955
2,4.2709,0.9622,0.7479,3.7421,0.8049,0.7398,1.8780,0.3089,3.1951,0.2033
2,5.0458,0.7496,1.1048,4.0996,0.7917,0.7333,2.0917,0.3500,3.2583,0.2583
2,4.7431,0.7464,0.9385,4.3954,0.7863,0.7436,2.0855,0.3504,3.4530,0.2906
2,6.2178,1.4769,1.9638,4.4342,0.7754,0.6449,2.0725,0.3333,3.0652,0.2609
2,5.6572,1.5928,3.5593,4.6300,0.7630,0.6593,1.9556,0.3481,3.1111,0.2667
2,4.3562,1.2838,3.2886,4.0885,0.7778,0.6905,1.8571,0.3254,3.2857,0.2619
1,0.5508,1.0992,0.8487,0.6440,0.9831,0.9768,1.0042,1.0127,0.9916,0.9852
1,1.1481,0.7169,1.2089,1.7988,0.9632,0.9346,0.9898,0.9591,0.9632,0.9693
1,0.9591,0.4564,0.5514,0.8598,0.9873,0.9937,1.0042,1.0127,1.0949,0.9958
1,1.0002,0.7546,0.8020,1.5861,0.9894,1.0042,1.0467,1.0637,1.0361,1.1040
1,1.3581,1.2342,1.9023,0.9516,0.9652,0.9530,1.0225,1.0634,0.9939,1.0879
1,0.7898,1.4979,0.7222,0.8829,1.0021,0.9752,1.0435,0.9917,1.0435,0.9607
2,5.9270,1.2380,4.5983,4.6348,0.5309,0.3086,2.7284,0.1358,5.7037,0.1975
1,0.6918,1.2342,1.7780,1.0665,0.9665,0.9665,0.9783,1.0276,0.9763,1.0316
1,1.8256,1.1257,1.9510,0.8975,0.9675,0.9309,1.0467,0.9146,1.0163,0.8821
1,0.4594,0.3811,0.8828,1.7662,0.9854,0.9667,0.9688,0.9229,0.9667,0.9146
1,0.7950,0.7581,0.9222,1.1814,0.9542,0.9500,0.9792,0.9521,0.9187,0.9521
1,0.9227,0.4859,0.8118,0.8738,0.9765,0.9744,1.0192,0.9658,1.0000,0.9701
1,0.7934,0.7123,0.3351,0.9550,0.9611,0.9509,0.9898,0.9427,0.9611,0.9223
1,1.0596,0.3706,0.4827,2.6200,0.9895,0.8819,0.9873,0.9093,0.9895,0.9219
2,4.4075,1.2323,3.7044,3.6184,0.6078,0.3137,3.1765,0.2745,8.9608,0.3333
2,4.6890,0.8852,3.6858,3.6589,0.5667,0.3500,2.9333,0.2000,7.5500,0.2500
2,6.6519,1.1528,4.7009,4.1718,0.5625,0.3333,2.5521,0.1563,4.8958,0.1354
2,7.1513,1.4343,5.3715,4.2926,0.5794,0.3889,2.1587,0.1905,3.9048,0.1667
2,7.4869,2.2388,3.4659,5.2390,0.7387,0.4505,2.7658,0.2973,4.5315,0.2613
1,0.8099,1.2298,1.4942,0.9516,0.9669,0.9318,0.9883,0.8402,0.9903,0.8402
2,5.7135,1.6466,3.4701,4.8617,0.6344,0.3548,2.6237,0.4086,5.1613,0.4086
2,5.7198,1.2574,1.4465,4.6902,0.6344,0.4946,2.6021,0.6022,4.9892,0.6022
1,0.6692,0.9362,0.8846,1.1594,1.0000,0.9789,0.9916,0.9515,1.0084,0.9620
1,0.5456,0.6892,1.1389,0.3093,0.9867,0.9733,0.9978,0.9844,0.9667,1.0000
1,0.6076,0.6456,0.7884,1.0379,1.0266,1.0242,1.0459,1.0725,1.0217,1.1063
1,0.6471,0.8282,2.4207,1.9612,1.0451,1.0476,1.1028,1.0802,1.1128,1.0501
1,1.3872,1.1785,1.2136,1.0512,0.9817,0.9521,1.0365,0.9749,1.0183,0.9658
2,7.4329,1.9620,2.6891,4.4932,0.7697,0.6364,2.0303,0.6242,2.6303,0.5879
3,11.1661,5.0422,8.5965,11.9912,0.0000,0.0000,9.2308,0.0000,12.3077,0.0000
3,12.4918,5.2851,9.0773,9.5589,0.0000,0.0000,4.5119,0.0000,5.7143,0.0000
3,13.2384,1.9857,0.7736,11.0308,0.0000,0.0000,5.4697,0.0000,7.1061,0.0000
3,12.6227,2.1710,1.1033,9.5894,0.0000,0.0000,4.5600,0.0000,6.1467,0.0000
3,14.2748,3.6358,4.9698,5.4985,0.0544,0.0000,2.8707,0.0000,4.4830,0.0000
3,13.7980,0.6356,0.3509,5.6783,0.0200,0.0000,2.4200,0.0000,3.5333,0.0000
3,12.6865,0.6598,0.2107,5.5759,0.0000,0.0000,2.5426,0.0000,3.2016,0.0000
3,12.1983,0.3557,0.4006,5.4341,0.0000,0.0000,2.5556,0.0000,3.1984,0.0000
3,12.0249,0.3750,0.2658,5.5700,0.0000,0.0000,2.6500,0.0000,3.3833,0.0000
3,11.8801,0.3743,0.4305,5.8673,0.0000,0.0000,2.8198,0.0000,3.6847,0.0000
3,11.4689,0.3216,0.4795,5.7221,0.0000,0.0000,2.8241,0.0000,4.0185,0.0000
3,12.0617,0.7632,0.4376,5.7086,0.0000,0.0000,2.6583,0.0000,3.4667,0.0000
3,11.5515,1.2095,0.5720,4.1878,0.0544,0.0000,2.0544,0.0000,2.8435,0.0000
3,11.5374,1.5709,0.5440,4.3610,0.0074,0.0000,2.2222,0.0000,3.0815,0.0000
3,13.5584,0.8800,1.0092,5.2825,0.0667,0.0000,2.3600,0.0000,2.7733,0.0000
3,12.3662,1.7197,0.2357,10.6462,0.0000,0.0000,5.4091,0.0000,6.8485,0.0000
3,14.7747,0.7252,0.5343,7.0168,0.0000,0.0000,2.7014,0.0000,3.1667,0.0000
3,15.5902,0.5212,0.2559,4.9822,0.1592,0.0000,2.0995,0.0000,2.1592,0.0000
3,15.6432,0.4960,0.2382,4.8983,0.1739,0.0000,2.0483,0.0000,2.0966,0.0000
3,15.7028,0.3818,0.4648,4.8701,0.1762,0.0000,2.0333,0.0000,2.0762,0.0000
3,16.1872,1.0077,0.7689,5.5296,0.1449,0.0000,2.0918,0.0000,2.0676,0.0000
3,14.2685,1.4588,1.1803,6.1206,0.0133,0.0000,2.5600,0.0000,3.0133,0.0000
3,13.5371,1.4307,0.1805,6.8766,0.0000,0.0000,3.0081,0.0000,3.7073,0.0000
3,12.6971,1.3562,0.1942,7.8673,0.0000,0.0000,3.5657,0.0000,4.5960,0.0000
3,11.8961,1.3333,0.2478,8.9868,0.0000,0.0000,4.5467,0.0000,6.0667,0.0000
3,10.9406,0.6407,0.8498,6.7479,0.0000,0.0000,3.3111,0.0000,4.6667,0.0000
3,10.4554,0.6815,0.5372,6.5403,0.0000,0.0000,3.6538,0.0000,5.3974,0.0000
3,10.5536,0.6400,0.6977,6.5251,0.0000,0.0000,3.8133,0.0000,5.6533,0.0000
3,10.9524,0.4194,0.4633,6.3833,0.0000,0.0000,3.2778,0.0000,4.8667,0.0000
3,10.9344,0.2156,0.1119,6.8264,0.0000,0.0000,3.7160,0.0000,5.2593,0.0000
3,10.9052,0.4285,0.3944,7.0665,0.0000,0.0000,3.7407,0.0000,5.2346,0.0000
3,11.3021,0.6832,0.4893,7.2850,0.0000,0.0000,3.9487,0.0000,5.5897,0.0000
3,13.3274,1.4186,0.3186,6.8362,0.0000,0.0000,2.5969,0.0000,3.3721,0.0000
3,13.5159,0.4034,0.5314,7.3219,0.0000,0.0000,2.8632,0.0000,3.7009,0.0000
3,13.4099,0.6444,0.3967,7.5192,0.0000,0.0000,3.0180,0.0000,3.9820,0.0000
3,13.4514,0.5007,0.2881,8.3463,0.0000,0.0000,3.5657,0.0000,4.6465,0.0000
3,12.5543,0.7722,0.4818,7.2537,0.0000,0.0000,3.2745,0.0000,4.2353,0.0000
3,12.0770,1.3470,0.4871,7.1872,0.0000,0.0000,3.2626,0.0000,4.3636,0.0000
3,9.8420,3.3796,3.6475,7.2642,0.0000,0.0000,4.2754,0.0000,6.3043,0.0000
3,10.2278,0.2762,0.2589,6.9543,0.0000,0.0000,3.9028,0.0000,4.9167,0.0000
3,9.9690,0.2515,0.2425,7.1364,0.0000,0.0000,4.2121,0.0000,5.2121,0.0000
3,9.8824,0.2404,0.3931,7.4317,0.0000,0.0000,4.6000,0.0000,5.7000,0.0000
3,9.7753,0.4496,0.3987,7.7367,0.0000,0.0000,4.8246,0.0000,6.0877,0.0000
3,11.2647,1.5924,0.5179,6.1446,0.0202,0.0000,2.9798,0.0000,3.9091,0.0000
3,12.4904,0.7301,0.5104,5.6793,0.0930,0.0000,2.4806,0.0000,3.0310,0.0000
3,12.4452,0.3379,0.3750,5.5057,0.0870,0.0000,2.2899,0.0000,2.8406,0.0000
3,12.5763,0.4452,0.7368,5.1517,0.1522,0.0000,2.3913,0.0000,2.9638,0.0000
3,12.6177,0.3788,0.6514,4.8373,0.1806,0.0000,2.3264,0.0000,2.7917,0.0000
3,12.6398,0.2214,0.7702,4.9608,0.1769,0.0000,2.2585,0.0000,2.7007,0.0000
3,12.6411,0.3809,0.6839,4.5758,0.1950,0.0000,2.0880,0.0000,2.4969,0.0000
3,12.9516,0.6196,0.3012,4.3929,0.2244,0.0000,2.2564,0.0000,2.6090,0.0000
3,13.2867,1.0483,0.8867,4.5367,0.2485,0.0000,2.1939,0.0000,2.4667,0.0000
3,13.2742,0.7568,0.7952,4.6806,0.2453,0.0000,2.2390,0.0000,2.5346,0.0000
3,13.0793,0.6718,0.3849,4.6313,0.2244,0.0000,2.2244,0.0000,2.5641,0.0000
3,12.7060,0.5850,0.8344,4.0275,0.2182,0.0000,2.0970,0.0000,2.3879,0.0000
3,12.6435,0.4376,0.8212,4.1615,0.2244,0.0000,2.1859,0.0000,2.5256,0.0000
3,8.6461,1.2904,0.1884,7.1490,0.0000,0.0000,4.9412,0.0000,7.2941,0.0000
3,9.4609,0.8070,0.6383,4.8232,0.0494,0.0000,3.2099,0.0000,4.5185,0.0000
3,8.1423,1.5127,0.9663,4.8103,0.0000,0.0000,3.2754,0.0000,5.2899,0.0000
2,8.9478,2.8350,5.2079,1.5789,0.5614,0.2281,1.7719,0.0000,2.2807,0.0000
2,8.1690,2.2336,3.8106,2.1194,0.6090,0.2179,1.8590,0.0000,2.5192,0.0000
1,0.5168,0.6416,0.9204,0.8379,0.9845,1.0000,1.0439,0.3230,1.0620,0.0362
1,0.8677,0.5566,0.9871,1.0194,0.9819,1.0000,1.0775,0.3928,1.0388,0.0749
1,0.5338,0.3708,1.0872,0.7506,0.9699,0.9524,1.0000,0.3559,0.9825,0.0652
1,0.8537,0.7648,1.0649,0.7169,0.9769,0.9590,1.0513,0.4769,1.0641,0.1538
1,0.4757,0.6667,0.4924,1.1453,0.9949,1.0256,1.0179,1.0051,0.7590,0.9846
2,8.1277,7.3958,3.6206,4.1421,0.5870,0.4130,1.1630,0.2536,1.0906,0.1775
1,0.9781,0.6079,0.8197,0.8197,0.9801,0.9826,1.0299,0.7239,0.9925,0.5075
2,4.3826,0.9412,2.1222,2.9241,0.7097,0.4516,2.1075,0.0108,4.5161,0.0000
1,1.5465,0.8511,0.4458,2.3197,0.9633,0.8716,1.0092,1.0031,0.5535,1.0122
1,0.3739,0.9305,1.0699,1.4833,1.0253,1.0455,1.0455,1.0051,1.0051,0.9975
2,5.8179,1.8741,2.9250,3.1210,0.6496,0.3932,2.0940,0.0342,2.9145,0.0598
1,0.2872,0.6036,1.1377,0.8103,0.9662,0.9614,0.9686,0.9686,0.9517,0.9734
2,5.7647,1.3443,1.6305,2.6191,0.6667,0.4309,1.8943,0.0000,2.6992,0.0000
2,5.5169,2.3370,4.1280,1.9659,0.7179,0.5833,1.6859,0.3526,2.4487,0.2885
2,4.8547,1.7557,3.0905,3.0259,0.7063,0.6111,1.8889,0.3571,2.9683,0.2857
2,4.7711,2.1670,3.7715,4.3659,0.6528,0.5000,2.8889,0.0278,5.7500,0.0139
2,4.6609,1.1077,1.4897,3.6590,0.7810,0.7333,2.1048,0.4190,3.5333,0.2762
1,0.2095,0.3768,0.3281,0.3976,0.9774,0.9900,0.9900,0.9749,1.0351,0.9649
1,0.9200,0.6015,0.7556,0.6460,0.9075,0.9513,1.0049,0.9805,0.9757,0.9343
2,5.5899,1.4856,2.3395,2.4467,0.6000,0.2762,2.0857,0.0000,3.1714,0.0190
2,5.1180,0.8333,1.1590,4.4427,0.7658,0.6937,2.1892,0.3423,3.4054,0.2342
1,0.5038,0.5946,0.4382,1.3607,1.0052,1.0129,1.0672,1.0749,0.9897,1.0672
2,5.4346,0.7451,0.7682,3.2532,0.6667,0.4630,2.1481,0.0000,3.9167,0.0000
2,6.2621,1.4786,3.8222,1.3362,0.6111,0.3333,1.8651,0.0000,2.5952,0.0000
1,0.3459,0.6200,1.4750,0.9070,0.9810,0.9621,0.9702,0.9350,0.8997,0.9322
2,5.3233,1.1696,4.1548,2.3557,0.5385,0.1923,2.3974,0.0000,4.0897,0.0000
2,7.9260,3.5867,6.8786,2.6639,0.7299,0.5115,1.8678,0.2529,2.2069,0.2126
1,0.7567,0.5457,0.7719,0.6163,1.0000,0.9689,1.0424,0.9633,1.0282,0.9718
2,6.3292,0.9622,2.5783,2.8418,0.7321,0.4881,1.7917,0.2440,2.3810,0.2202
1,1.0745,0.8119,0.3191,1.4546,0.9667,0.8972,1.0028,0.9667,0.9917,0.9417
1,0.5971,1.0093,0.7994,1.3838,0.9917,1.0333,1.0750,1.0667,1.1167,1.0639
1,0.7493,1.2158,2.2950,1.0656,0.9942,1.0175,1.0526,1.0058,1.0205,0.9444
2,5.8594,2.0604,3.6377,2.9405,0.6963,0.5556,1.9259,0.4000,2.7481,0.3185
1,0.5533,1.0096,0.6618,1.2346,1.0029,1.0115,1.0402,1.0086,1.1006,1.0201
1,0.5818,0.5585,0.8272,0.9961,0.9720,0.9552,0.9608,0.9496,0.9552,0.9440
2,6.6957,0.6344,3.0341,4.2924,0.4306,0.0278,3.1667,0.0000,5.1667,0.0000
1,0.7477,0.8598,0.6322,0.7558,0.9746,0.9915,1.0424,1.0000,1.0395,1.0028
1,0.3028,0.5262,0.9537,1.1352,1.0055,1.0248,1.0358,1.0523,0.9835,1.0275
1,0.7047,0.4966,1.0106,0.5228,0.9835,0.9532,1.0110,0.9697,1.0055,1.0028
1,0.8334,0.7789,0.5720,0.5515,0.9774,0.9548,1.0169,0.9718,0.9915,0.9379
2,3.9240,0.8131,1.3943,2.8088,0.7949,0.6923,1.7863,0.5385,3.1538,0.4188
1,0.2467,0.3701,1.0057,0.8191,1.0222,1.0250,1.0417,1.0083,1.1167,1.0222
1,0.8036,0.5109,0.9213,0.9166,1.0138,0.9945,1.0606,0.9587,1.0028,0.9394
2,6.3544,0.7692,1.0551,2.8821,0.7467,0.5533,1.8867,0.1467,2.7867,0.1267
1,0.5732,0.2179,0.7827,1.0792,0.9731,1.0054,1.0242,1.0108,1.0968,0.9866
2,4.5153,0.5256,1.6588,3.2109,0.7667,0.6417,1.8833,0.3833,3.1250,0.3417
2,5.7247,0.5859,0.8108,3.7143,0.6899,0.5504,2.0155,0.1860,3.2326,0.1550
1,0.5821,0.4452,1.1425,1.1252,0.9635,0.9505,0.9688,1.0026,0.9010,0.9870
2,7.4063,3.7681,4.6324,4.6802,0.4058,0.0145,3.6667,0.0000,5.4348,0.0145
1,0.2058,0.4661,1.3476,0.5388,0.9869,1.0026,1.0131,1.0052,1.0420,1.0079
1,0.1757,0.7093,1.6167,0.4945,0.9895,0.9974,0.9948,1.0446,0.9738,1.0394
2,6.8442,1.0367,0.5152,5.7507,0.7521,0.6752,2.4530,0.3675,3.2564,0.3162
2,5.6763,1.1961,1.7716,4.5601,0.1429,0.0000,4.5714,0.0000,8.9048,0.0000
2,7.4242,1.2869,1.8930,3.7925,0.2593,0.0247,2.7778,0.0123,4.6790,0.0000
2,7.9677,1.2717,1.7886,3.2234,0.7000,0.5278,1.8833,0.2278,2.4000,0.1778
2,7.5397,3.1114,4.4115,3.2239,0.3793,0.0345,2.8506,0.0115,4.4368,0.0115
2,6.9370,3.4659,4.9507,3.9872,0.6596,0.5035,2.1489,0.2908,2.6454,0.2270
1,2.4844,2.0209,1.4992,4.6492,0.8863,0.8748,0.9229,0.8343,0.8285,0.8189
1,0.8313,0.7262,0.7170,1.2772,0.9909,0.9521,0.9909,0.9863,1.0228,0.9658
1,2.3718,3.1574,3.0277,5.3110,0.9042,0.8361,0.8619,0.7109,0.7864,0.6556
1,3.4360,3.0340,2.5559,3.4687,0.8955,0.8462,0.9606,0.6864,0.8639,0.5641
1,0.7170,0.4611,0.5708,1.0614,1.0189,1.0024,1.0520,1.0402,1.0402,1.0189
1,0.4253,0.5837,1.2440,0.9575,0.9815,0.9884,0.9977,1.0139,1.0116,1.0000
1,0.7850,0.5576,0.6970,0.7523,0.9709,0.9553,1.0045,0.9553,0.9441,0.9553
2,5.6176,0.9887,1.8017,3.5284,0.7376,0.5887,1.9220,0.2270,2.8511,0.1702
2,5.5415,0.8350,1.2170,3.3031,0.7500,0.5903,1.8681,0.2431,2.7431,0.1875
1,0.3866,1.0207,1.6253,0.7451,0.9784,0.9610,0.9589,0.9351,0.9156,0.9199
2,5.2991,0.6843,1.2723,3.2189,0.8043,0.6304,1.9275,0.2609,2.8551,0.2101
1,0.4720,1.1229,0.9147,1.0504,0.9845,0.9801,0.9801,0.9603,0.9448,0.9713
2,4.5763,0.6817,0.7465,3.2820,0.8403,0.7292,1.8056,0.2639,2.8472,0.2153
1,0.3315,0.9570,1.4800,0.7897,0.9669,0.9801,0.9868,0.9890,0.9294,1.0088
2,4.0833,0.3770,0.6237,2.5850,0.8365,0.7421,1.5786,0.2704,2.6478,0.2013
2,4.0100,0.6972,0.6138,2.4248,0.8545,0.7455,1.5697,0.2909,2.4727,0.2364
1,0.5759,0.7076,0.7798,0.9213,1.0046,0.9795,1.0205,0.9726,1.0183,0.9703
1,0.4901,0.4827,1.3202,1.1163,0.9907,1.0047,1.0350,0.9930,1.0280,0.9814
1,0.5935,0.7526,1.3917,0.7245,0.9770,0.9839,1.0069,1.0230,1.0092,1.0138
1,0.4323,1.2473,1.1436,0.5760,1.0165,1.0165,1.0331,1.0236,1.0118,1.0095
1,0.7134,0.5359,0.9371,1.0275,0.9724,0.9747,0.9954,1.0046,1.0069,0.9908
1,0.6388,1.0176,0.8687,1.6982,0.9885,1.0138,1.0621,0.9793,0.9977,1.0230
1,1.7469,1.2184,2.0709,2.0961,0.9575,0.9299,0.9958,0.9236,0.9342,0.9214
1,2.5066,1.8088,2.0846,1.7482,0.9578,0.9556,1.1200,0.9822,0.9822,0.9511
1,1.7460,1.7369,2.5865,4.3409,0.9142,0.8862,0.9042,0.8663,0.8643,0.8922
3,6.7676,0.2576,0.2569,4.9836,0.0000,0.0000,4.2889,0.0000,5.4222,0.0000
3,6.0105,0.7216,0.4770,5.8830,0.0000,0.0000,6.7037,0.0000,8.1111,0.0000
3,5.9253,0.6550,0.7127,5.7233,0.0000,0.0000,7.4167,0.0000,8.8333,0.0000
3,5.7069,0.4903,0.6015,5.0166,0.0000,0.0000,5.7333,0.0000,7.5333,0.0000
3,5.5716,0.4808,0.3666,4.9025,0.0000,0.0000,5.4667,0.0000,7.6333,0.0000
3,5.5322,0.4532,0.4934,5.1478,0.0000,0.0000,6.7083,0.0000,9.3750,0.0000
3,5.4046,0.3617,0.6678,5.0719,0.0000,0.0000,6.5000,0.0000,9.1250,0.0000
3,5.1961,0.2943,0.3068,4.7786,0.0000,0.0000,5.6667,0.0000,7.9630,0.0000
3,5.6257,0.3487,0.3442,5.0874,0.0000,0.0000,6.1481,0.0000,8.5556,0.0000
3,5.5048,0.2696,0.1687,4.8859,0.0000,0.0000,5.9259,0.0000,8.6296,0.0000
3,5.1511,0.4875,0.3567,2.9996,0.3838,0.0000,1.3939,0.0000,1.9495,0.0000
3,4.9396,0.8175,1.2064,2.3467,0.2889,0.0000,1.5000,0.0000,2.1444,0.0000
3,5.4354,2.1257,3.5143,2.0824,0.1733,0.0000,1.8533,0.0000,2.4000,0.0000
3,5.5430,2.2574,3.8087,3.4077,0.0784,0.0000,2.7843,0.0000,3.4902,0.0000
3,5.9343,2.1503,4.0213,3.9536,0.0980,0.0000,3.2745,0.0000,3.3529,0.0000
1,0.5887,0.5548,1.0548,0.1800,0.9775,0.9820,1.0541,0.5090,1.0946,0.3108
1,0.6410,0.6503,0.7716,0.4487,0.9662,0.9662,1.0338,0.4177,1.0338,0.1013
1,0.7375,0.4611,1.7417,0.7595,1.0231,1.0093,1.1389,1.0972,1.5370,1.1111
1,0.4903,0.8049,0.7997,0.3389,1.0219,1.0219,1.0526,0.9649,1.1447,0.9561
1,1.0613,0.5388,0.5426,0.5483,0.9474,0.9430,1.0702,0.9649,1.0219,0.9737
3,6.9910,2.3081,1.5387,3.1902,0.2105,0.0000,3.2281,0.0000,6.5439,0.0000
1,5.0015,2.4085,1.3023,2.7966,0.8274,0.3690,1.4464,0.0000,2.0417,0.0000
3,6.6511,1.7790,1.6494,3.1606,0.1754,0.0000,3.0526,0.0000,6.5614,0.0000
3,6.7022,0.5483,1.0850,3.1019,0.1528,0.0000,2.4167,0.0000,3.6111,0.0000
1,2.3871,1.5467,2.0656,3.0722,0.9412,0.9559,1.3725,1.1029,0.7647,1.1176
3,6.8548,0.4547,0.7718,3.0787,0.1739,0.0000,2.5797,0.0000,2.7826,0.0000
3,7.0624,0.7018,0.6563,3.1666,0.1528,0.0000,2.5000,0.0000,2.5833,0.0000
1,0.8407,0.5594,0.7339,0.5213,0.9563,0.9365,1.0675,0.9603,1.0198,0.9762
3,7.6444,1.4756,1.4964,3.3598,0.1889,0.0000,2.1333,0.0000,2.0667,0.0000
3,7.4835,0.5733,1.5077,3.2242,0.2024,0.0000,2.2619,0.0000,2.2619,0.0000
1,0.5860,0.4110,1.2185,1.5137,0.9718,0.9108,0.9390,1.0751,0.0000,1.1174
3,7.1671,0.2291,1.3239,3.2437,0.1389,0.0000,2.5417,0.0000,2.6944,0.0000
1,0.5946,0.5562,1.0622,0.5198,0.9579,0.9579,1.0498,0.9157,1.0077,0.9387
1,0.3605,0.6793,0.7864,0.5919,1.0119,0.9960,1.0357,1.0040,1.0556,1.0278
3,7.2905,0.8001,0.6432,3.4807,0.1159,0.0000,2.8116,0.0000,3.4928,0.0000
3,7.4770,0.6412,0.8841,3.3565,0.1333,0.0000,2.6133,0.0000,3.3067,0.0000
3,7.8371,0.9967,1.7993,3.3079,0.1935,0.0000,2.1828,0.0000,2.6774,0.0000
3,7.2652,0.6551,1.0621,4.7584,0.0000,0.0000,3.5263,0.0000,5.1228,0.0000
3,6.9337,2.0574,2.7980,3.6092,0.2262,0.0000,2.4881,0.0000,3.6310,0.0000
2,4.1564,0.4871,0.6809,2.1947,0.6667,0.4400,2.2267,0.1600,3.6133,0.1200
2,3.6860,1.6335,2.7679,3.2579,0.8056,0.5694,2.4306,0.1250,4.0278,0.0972
2,4.6325,2.0613,3.4102,2.5033,0.6875,0.5208,2.0208,0.1667,3.2083,0.1354
2,5.4870,0.4759,0.3531,1.9990,0.5648,0.3981,1.8981,0.1296,3.0185,0.0926
2,3.9888,0.5631,1.7772,2.7473,0.7556,0.4333,1.2000,0.1500,1.6500,0.0944
2,4.2267,0.7993,1.6555,1.3347,0.7755,0.4966,1.3878,0.1701,1.9320,0.1224
2,2.5513,0.7719,1.8272,2.3719,0.6481,0.3889,2.1481,0.2963,6.0926,0.2407
3,6.8748,1.8414,4.3214,3.3440,0.2609,0.0000,2.8841,0.0000,4.9710,0.0000
2,3.8990,0.4305,0.7719,4.4583,0.6140,0.6667,3.1754,0.4912,6.4035,0.2982
3,6.2124,0.7666,2.4636,4.0510,0.1228,0.0000,3.2982,0.0000,6.1404,0.0000
2,5.2815,2.5012,4.1401,4.2269,0.6389,0.4167,3.0000,0.3611,4.9722,0.3194
2,4.5601,1.1973,0.5840,4.2952,0.6190,0.4762,2.9048,0.2063,5.4603,0.2857
2,5.6723,0.7231,0.8156,4.8173,0.5139,0.4583,3.0694,0.2639,4.8056,0.2222
2,6.0572,0.4955,0.6550,5.1247,0.4872,0.4231,3.0513,0.2692,4.4359,0.2692
3,4.9231,0.9242,0.9424,5.6842,0.0000,0.0000,16.8889,0.0000,39.1111,0.0000
1,1.7793,1.0534,1.4655,1.2460,1.0205,0.8713,1.0731,0.1140,1.0673,0.0906
1,0.2844,0.6159,0.5699,1.1871,1.0055,0.9477,0.9752,0.2948,1.0000,0.1873
3,5.7418,0.8602,0.6836,5.6318,0.0000,0.0000,5.9000,0.0000,11.4667,0.0000
1,1.4062,0.5827,0.5487,1.8650,0.9580,0.8845,0.9790,0.2283,0.9685,0.1181
1,0.2827,0.4631,0.8849,0.8287,0.9633,0.9895,0.9790,0.5039,0.9790,0.3360
1,1.0909,0.8240,1.0187,1.0554,0.9593,0.9756,1.0434,0.7859,1.0000,0.7371
1,0.7399,0.6035,0.4082,0.6503,0.9699,0.9508,1.0027,0.8989,0.9235,0.9536
3,6.5392,1.3784,0.6242,5.4171,0.0000,0.0000,5.7576,0.0000,10.3030,0.0000
3,7.0634,1.5173,1.7170,5.1684,0.0000,0.0000,3.9804,0.0000,6.6667,0.0000
3,6.6307,1.3523,0.7060,5.4245,0.0000,0.0000,5.3611,0.0000,9.3889,0.0000
1,0.6518,0.5850,0.8093,0.7134,1.0196,0.9832,1.0448,0.9720,1.0168,0.9804
3,6.5344,0.6514,0.8103,5.4727,0.0000,0.0000,4.4000,0.0000,7.4667,0.0000
1,0.7388,0.6520,0.5866,0.5514,0.9639,0.9750,1.0361,0.8833,1.0278,0.8750
3,6.5719,0.2559,0.3804,5.4413,0.0000,0.0000,5.0513,0.0000,8.3846,0.0000
3,6.4156,0.2845,0.1969,5.3377,0.0000,0.0000,4.9231,0.0000,8.2308,0.0000
1,0.3722,0.5693,1.5836,0.4938,1.0190,1.0244,1.0352,0.9919,1.0108,0.9783
3,6.2135,0.4945,0.3218,5.1839,0.0000,0.0000,5.1667,0.0000,8.9167,0.0000
3,5.6096,0.6242,0.5122,4.8829,0.0000,0.0000,5.5667,0.0000,10.4000,0.0000
1,0.3477,0.6472,1.3233,1.1539,1.0387,1.0387,1.0655,1.0536,1.1042,1.0327
1,0.7417,0.6854,0.9486,1.2460,1.0175,1.0117,1.0877,1.0175,1.0906,0.9971
3,5.0735,0.6664,0.9421,4.8269,0.0000,0.0000,5.2000,0.0000,10.0667,0.0000
3,4.9365,0.7241,1.0614,4.9256,0.0000,0.0000,8.4444,0.0000,15.9444,0.0000
1,0.4255,0.8240,1.0034,1.5869,1.0464,1.0464,1.0638,1.0377,1.0725,1.0377
3,5.1438,0.5364,0.8203,4.8892,0.0000,0.0000,5.7037,0.0000,10.1481,0.0000
2,6.9392,1.6454,2.3556,5.4470,0.7000,0.5167,2.4667,0.0417,3.2917,0.0500
2,6.0868,1.8372,1.9325,5.3688,0.7604,0.5521,2.6979,0.0313,4.2396,0.0521
2,4.2174,0.8893,1.9790,3.8801,0.6897,0.5632,2.3563,0.0575,4.6782,0.0920
2,7.7395,0.7434,1.4488,5.3901,0.4889,0.2778,2.9778,0.1667,4.4111,0.0778
2,4.6901,1.3512,1.0153,4.4968,0.7917,0.6771,2.3333,0.1979,4.0313,0.1979
2,4.4360,1.3194,1.3146,4.2346,0.8333,0.7222,2.4111,0.2111,4.2111,0.2111
2,4.6035,1.1718,1.5139,4.0100,0.7576,0.6566,2.2020,0.1919,3.9596,0.1919
2,7.3387,0.8982,1.1052,5.7902,0.5357,0.3810,3.0952,0.0476,4.6429,0.0357
2,5.2660,2.1173,2.4044,3.8569,0.6825,0.5476,1.9444,0.1429,3.1429,0.1190
2,6.8477,0.7297,0.3948,5.5514,0.5769,0.3974,3.2308,0.1667,5.0000,0.1282
2,7.0315,1.0757,0.4689,5.3010,0.5679,0.3827,3.1111,0.2099,4.7778,0.1852
2,7.3827,0.7815,1.1560,5.1061,0.5222,0.3222,2.8667,0.2333,4.2444,0.1667
2,4.9949,1.7187,2.2212,4.2352,0.7957,0.6882,2.5161,0.1828,4.3871,0.1505
2,7.6296,1.0046,1.1151,5.1144,0.5152,0.3434,2.7071,0.2828,3.8384,0.2020
2,4.9046,1.1792,2.4318,4.1408,0.7429,0.6190,2.1619,0.1810,3.8857,0.1333
2,5.1914,0.9420,2.9997,4.1078,0.8095,0.6476,2.3238,0.2762,3.8952,0.2095
2,7.6509,0.7884,1.0488,5.0709,0.5490,0.3824,2.6863,0.2451,3.7255,0.2255
2,7.9004,1.1447,1.3757,4.8874,0.5588,0.3725,2.6863,0.2059,3.6961,0.1373
2,8.3810,1.0332,1.4669,4.8294,0.5045,0.3063,2.5315,0.1802,3.4414,0.1171
2,5.9790,0.5440,0.6690,4.7926,0.7037,0.6019,2.4074,0.2037,3.6944,0.1574
1,0.7110,0.4547,0.8539,0.8093,0.9948,0.9793,1.0052,1.0258,0.9767,1.0362
2,5.9348,1.1537,1.9830,4.8013,0.6759,0.5648,2.3519,0.1944,3.7037,0.1574
1,0.4188,0.9607,0.4357,1.3153,0.9538,0.9846,0.9641,1.0128,1.0231,0.9974
2,6.1118,1.9333,2.3486,4.7782,0.7374,0.6364,2.6162,0.2121,4.0000,0.1717
2,6.5426,1.0915,2.2233,4.6949,0.6581,0.5470,2.2735,0.1880,3.3504,0.1709
2,6.9401,1.0634,1.2011,4.5278,0.6667,0.5556,2.2698,0.1667,3.1032,0.1587
2,5.2732,1.6851,1.4454,4.7252,0.6364,0.5303,3.0455,0.1515,5.6061,0.1818
1,0.6562,0.5690,0.7495,0.3104,0.9771,0.9517,1.0102,0.9644,0.9491,0.9669
2,7.2224,1.0932,1.0080,4.3240,0.6241,0.4894,2.0851,0.1773,2.7872,0.1702
2,5.8713,1.0944,1.3408,4.7748,0.5679,0.4938,2.7531,0.1235,4.6296,0.1481
1,0.5499,0.2913,0.7598,1.3544,1.0134,1.0269,1.0618,0.9462,0.9919,0.9140
2,7.3580,1.1026,0.6961,4.2286,0.6312,0.4965,2.1418,0.1631,2.7447,0.1489
2,6.4024,2.7661,4.2522,3.8969,0.6036,0.4144,2.3784,0.1081,3.5766,0.0811
2,7.3917,1.3361,2.9489,4.1473,0.7121,0.5682,2.2879,0.2197,2.8636,0.1894
2,6.2693,1.5703,3.5105,2.9760,0.6992,0.4634,2.1545,0.1220,3.3333,0.0894
1,1.2170,0.7672,1.4280,1.7226,0.9720,0.9364,1.0076,0.9746,0.9873,0.9695
2,7.5750,0.5890,3.2349,3.9148,0.5849,0.4780,1.9057,0.1824,2.4025,0.1572
1,1.1204,0.8356,1.1871,1.7249,1.0000,1.0328,1.0984,1.0492,1.0328,1.0656
2,4.1946,1.1304,1.2853,4.3951,0.9143,0.8190,2.1333,0.1714,3.6667,0.0952
2,4.7497,1.1048,0.8090,4.5368,0.7745,0.6863,2.2451,0.1961,3.7157,0.1176
2,5.2224,1.1784,1.1560,4.4022,0.7312,0.6344,2.4516,0.2366,4.1398,0.1290
2,7.8452,0.8257,1.6244,4.8354,0.6538,0.5641,2.0577,0.2372,2.5513,0.1795
1,0.7318,1.2117,1.8100,1.0419,0.9867,0.9973,1.0373,1.0240,0.9840,1.0187
1,1.5450,0.7489,1.0191,1.6001,0.9707,1.0080,1.0907,1.0027,1.0453,0.9893
2,7.7808,0.9679,3.2768,3.9776,0.6424,0.5152,1.9030,0.1758,2.4848,0.1697
2,5.9442,2.2128,3.0874,4.7727,0.6437,0.5172,2.7356,0.0690,4.3218,0.0575
2,6.9246,3.1207,5.5057,5.3909,0.6812,0.5435,2.2609,0.2246,2.8696,0.2174
2,6.7820,2.3556,4.0006,4.7704,0.6190,0.4571,2.5619,0.1048,3.6190,0.0476
2,7.5540,2.4242,3.0426,3.7232,0.5694,0.4236,2.0556,0.0972,2.7431,0.0486
2,5.8518,2.4139,3.9110,4.5803,0.7826,0.6522,2.1304,0.2681,2.9348,0.2464
2,6.3460,1.3088,1.1235,4.4260,0.4881,0.3214,2.6548,0.0476,4.5119,0.0833
2,5.4283,1.7873,5.2177,5.6245,0.2333,0.0000,5.9667,0.0000,14.1333,0.0000
2,7.9250,1.4959,1.7673,4.3871,0.5208,0.3333,2.7500,0.0417,4.0000,0.0625
2,6.3454,1.6213,5.0425,6.0258,0.2444,0.0000,4.6889,0.0000,9.3333,0.0000
2,6.9085,1.4788,5.5739,6.1585,0.3333,0.0417,4.7083,0.0000,8.5417,0.0000
2,6.4092,2.3571,3.8097,5.4426,0.5606,0.4091,3.6970,0.1212,5.8182,0.0758
2,7.7657,3.4104,5.9073,4.3346,0.5175,0.3158,2.4737,0.1228,3.3246,0.0789
2,5.6753,1.2335,4.9613,5.5218,0.1667,0.0000,6.1667,0.0000,13.3333,0.0000
2,5.0246,2.0366,3.1593,5.4824,0.7333,0.7238,2.4667,0.2952,3.9714,0.3048
2,6.9034,1.3750,4.6551,5.7787,0.2292,0.0000,4.5208,0.0000,8.3542,0.0000
2,8.2062,3.3709,5.8060,3.2584,0.5000,0.3264,2.0972,0.1319,2.5625,0.0694
2,4.3851,2.3873,3.2252,5.1908,0.8718,0.6410,2.8205,0.4744,5.3718,0.4487
2,7.9065,1.1915,2.0913,5.8915,0.3175,0.0159,4.1270,0.0000,6.3333,0.0000
2,7.8633,3.4028,6.0311,5.7126,0.6471,0.4216,2.9608,0.2353,3.9020,0.1765
1,0.7846,0.6597,1.0785,1.2533,1.0000,0.9716,1.0000,0.3204,1.0233,0.1990
2,7.8041,1.4645,2.6311,6.1109,0.3030,0.0152,3.8788,0.0000,6.1212,0.0000
2,6.9167,2.6150,4.6446,5.5725,0.6344,0.4624,2.9032,0.3226,4.1935,0.1828
2,6.1824,1.5402,3.4527,4.5362,0.7467,0.5533,1.9467,0.3200,2.5600,0.3000
2,7.7476,3.1595,5.4641,4.5553,0.5385,0.3761,2.4530,0.2735,3.3419,0.2051
2,6.6806,1.7200,5.8374,6.1733,0.3889,0.0926,4.2407,0.4444,7.7963,0.6667
1,0.6474,0.4955,0.5506,0.7005,1.0000,1.0054,1.0565,0.9785,1.0591,1.0081
2,7.8590,1.6025,6.5064,6.3586,0.4348,0.2174,3.8116,0.5942,5.9710,0.7246
2,5.0095,4.2984,5.3468,1.8575,0.7521,0.6453,1.3120,0.3333,1.5983,0.2393
1,0.6645,0.7336,0.6322,0.7692,0.9708,0.9684,1.0000,0.8710,1.0219,0.8637
1,0.3180,0.8175,0.3494,1.4300,1.0159,1.0529,1.0503,0.9788,1.0926,0.9947
1,0.3365,0.5720,0.5779,1.1888,0.9903,0.9638,0.9783,0.9662,1.0048,0.8937
1,0.5618,1.4186,0.9366,0.7769,0.9901,0.9801,1.0174,0.9204,1.0075,0.9229
1,0.4235,0.6298,0.8193,1.4313,1.0204,1.0585,1.0585,0.8906,1.0560,0.8092
2,5.6311,2.9154,4.9994,4.2601,0.8571,0.6571,2.3619,0.2095,3.4571,0.0952
1,0.7124,0.9844,1.0823,0.8958,0.9805,0.9903,1.0414,0.8832,0.9830,0.7591
3,9.8991,1.9275,2.8358,2.8786,0.2791,0.0000,2.1705,0.0000,3.0698,0.0000
3,8.1226,1.4551,3.0269,5.6340,0.1061,0.0000,3.5606,0.0000,5.9242,0.0000
2,4.5785,3.4152,3.9860,3.2795,0.6752,0.5385,1.7009,0.1282,3.2051,0.1026
1,0.7735,0.5092,0.8259,1.6046,0.9808,0.9400,0.9736,0.9640,0.7794,0.9233
2,5.1973,2.5474,2.9960,3.8152,0.6071,0.4881,2.3571,0.0000,4.2500,0.0000
1,0.8824,0.5369,0.3664,1.3692,0.9616,0.9520,0.9760,0.6882,0.9640,0.5947
3,12.1813,3.7251,6.3826,6.0273,0.1631,0.0000,2.2340,0.0000,2.8085,0.0000
3,11.3371,4.5782,7.8451,6.5284,0.0000,0.0000,3.2188,0.0000,4.0625,0.0000
3,12.6057,1.0011,0.4435,10.1574,0.0000,0.0000,5.5000,0.0000,6.5667,0.0000
3,12.6440,0.7159,0.6011,10.1684,0.0000,0.0000,5.3175,0.0000,6.1587,0.0000
3,12.9821,0.4064,0.2226,9.8210,0.0000,0.0000,4.4933,0.0000,5.1867,0.0000
3,13.4678,0.8029,0.8975,9.8658,0.0000,0.0000,4.6133,0.0000,5.1467,0.0000
3,14.1897,0.8216,0.4435,10.4113,0.0000,0.0000,4.3214,0.0000,4.6310,0.0000
3,13.6938,0.6678,0.7173,8.8495,0.0000,0.0000,3.5938,0.0000,4.2083,0.0000
3,13.8532,0.7462,0.5968,7.8967,0.0000,0.0000,3.1351,0.0000,3.6126,0.0000
3,14.6496,0.7412,0.5580,7.4439,0.0000,0.0000,2.4354,0.0000,2.6531,0.0000
3,14.2794,0.3397,0.4530,7.8121,0.0000,0.0000,2.6357,0.0000,3.0543,0.0000
3,13.0437,6.5413,7.2278,7.5970,0.0000,0.0000,2.7236,0.0000,3.2195,0.0000
3,8.4879,1.3307,2.8881,5.6387,0.0533,0.0000,3.2533,0.0000,4.9733,0.0000
3,14.3517,0.4213,0.3983,5.7264,0.1520,0.0000,2.1520,0.0000,2.3041,0.0000
3,14.3996,0.5539,1.3338,6.0753,0.1636,0.0000,2.1879,0.0000,2.3879,0.0000
3,14.7129,0.7145,0.6745,7.0771,0.0733,0.0000,2.4133,0.0000,2.6133,0.0000
3,14.8068,1.1160,0.4581,7.7651,0.0227,0.0000,2.7955,0.0000,2.9470,0.0000
3,9.0410,2.2347,4.8864,3.7369,0.1569,0.0000,2.3431,0.0000,3.8333,0.0000
3,8.7938,0.9328,1.1402,5.5143,0.0000,0.0000,3.7619,0.0000,6.3175,0.0000
3,8.9970,0.5585,0.2083,5.4646,0.0000,0.0000,3.6364,0.0000,6.0758,0.0000
3,9.2075,0.7536,0.1843,5.2002,0.0000,0.0000,3.2267,0.0000,5.3467,0.0000
3,9.7612,1.0649,0.6760,4.6837,0.0000,0.0000,2.4608,0.0000,3.8431,0.0000
3,9.8424,0.9497,0.4786,4.6398,0.0000,0.0000,2.4706,0.0000,3.7843,0.0000
3,9.5963,0.3680,0.3722,4.9839,0.0000,0.0000,2.9762,0.0000,4.6786,0.0000
3,9.7505,0.4600,0.8593,4.5140,0.0000,0.0000,2.6458,0.0000,3.9792,0.0000
3,9.9564,0.5058,1.1054,4.5812,0.0000,0.0000,2.4571,0.0000,3.5619,0.0000
3,10.6518,0.2781,0.2294,5.1790,0.0000,0.0000,2.6373,0.0000,3.7451,0.0000